lambda	thetas	ref00	ref01/ref00	ref02/ref00	ref03/ref00	ref10/ref00	ref11/ref00	ref12/ref00	ref13/ref00	ref20/ref00	ref21/ref00	ref22/ref00	ref23/ref00	ref30/ref00	ref31/ref00	ref32/ref00	ref33/ref00	refs	refp	
1.55	1.0000000000e+00	9.9755599217e-01	-2.0794447975e-03	0.0000000000e+00	0.0000000000e+00	-2.0794447975e-03	1.0000000000e+00	0.0000000000e+00	0.0000000000e+00	0.0000000000e+00	0.0000000000e+00	9.9876904072e-01	4.9558845992e-02	0.0000000000e+00	0.0000000000e+00	-4.9558845992e-02	9.9876904072e-01	9.9548162955e-01	9.9963035479e-01	
1.5501	1.0000000000e+00	9.9756471396e-01	-2.0707284034e-03	0.0000000000e+00	0.0000000000e+00	-2.0707284034e-03	1.0000000000e+00	0.0000000000e+00	0.0000000000e+00	0.0000000000e+00	0.0000000000e+00	9.9877544251e-01	4.9430026580e-02	0.0000000000e+00	0.0000000000e+00	-4.9430026580e-02	9.9877544251e-01	9.9549902838e-01	9.9963039955e-01	
1.5502	1.0000000000e+00	9.9757331500e-01	-2.0621334331e-03	0.0000000000e+00	0.0000000000e+00	-2.0621334331e-03	1.0000000000e+00	0.0000000000e+00	0.0000000000e+00	0.0000000000e+00	0.0000000000e+00	9.9878175062e-01	4.9302760879e-02	0.0000000000e+00	0.0000000000e+00	-4.9302760879e-02	9.9878175062e-01	9.9551618572e-01	9.9963044429e-01	
1.5503	1.0000000000e+00	9.9758179794e-01	-2.0536572038e-03	0.0000000000e+00	0.0000000000e+00	-2.0536572038e-03	1.0000000000e+00	0.0000000000e+00	0.0000000000e+00	0.0000000000e+00	0.0000000000e+00	9.9878796719e-01	4.9177017917e-02	0.0000000000e+00	0.0000000000e+00	-4.9177017917e-02	9.9878796719e-01	9.9553310690e-01	9.9963048899e-01	
1.5504	1.0000000000e+00	9.9759016538e-01	-2.0452971137e-03	0.0000000000e+00	0.0000000000e+00	-2.0452971137e-03	1.0000000000e+00	0.0000000000e+00	0.0000000000e+00	0.0000000000e+00	0.0000000000e+00	9.9879409427e-01	4.9052767566e-02	0.0000000000e+00	0.0000000000e+00	-4.9052767566e-02	9.9879409427e-01	9.9554979709e-01	9.9963053366e-01	
1.5505	1.0000000000e+00	9.9759841980e-01	-2.0370506367e-03	0.0000000000e+00	0.0000000000e+00	-2.0370506367e-03	1.0000000000e+00	0.0000000000e+00	0.0000000000e+00	0.0000000000e+00	0.0000000000e+00	9.9880013388e-01	4.8929980512e-02	0.0000000000e+00	0.0000000000e+00	-4.8929980512e-02	9.9880013388e-01	9.9556626131e-01	9.9963057830e-01	
1.5506	1.0000000000e+00	9.9760656367e-01	-2.0289153209e-03	0.0000000000e+00	0.0000000000e+00	-2.0289153209e-03	1.0000000000e+00	0.0000000000e+00	0.0000000000e+00	0.0000000000e+00	0.0000000000e+00	9.9880608794e-01	4.8808628229e-02	0.0000000000e+00	0.0000000000e+00	-4.8808628229e-02	9.9880608794e-01	9.9558250443e-01	9.9963062291e-01	
1.5507	1.0000000000e+00	9.9761459933e-01	-2.0208887849e-03	0.0000000000e+00	0.0000000000e+00	-2.0208887849e-03	1.0000000000e+00	0.0000000000e+00	0.0000000000e+00	0.0000000000e+00	0.0000000000e+00	9.9881195836e-01	4.8688682950e-02	0.0000000000e+00	0.0000000000e+00	-4.8688682950e-02	9.9881195836e-01	9.9559853117e-01	9.9963066749e-01	
1.5508	1.0000000000e+00	9.9762252909e-01	-2.0129687167e-03	0.0000000000e+00	0.0000000000e+00	-2.0129687167e-03	1.0000000000e+00	0.0000000000e+00	0.0000000000e+00	0.0000000000e+00	0.0000000000e+00	9.9881774695e-01	4.8570117641e-02	0.0000000000e+00	0.0000000000e+00	-4.8570117641e-02	9.9881774695e-01	9.9561434615e-01	9.9963071203e-01	
1.5509	1.0000000000e+00	9.9763035518e-01	-2.0051528693e-03	0.0000000000e+00	0.0000000000e+00	-2.0051528693e-03	1.0000000000e+00	0.0000000000e+00	0.0000000000e+00	0.0000000000e+00	0.0000000000e+00	9.9882345550e-01	4.8452905979e-02	0.0000000000e+00	0.0000000000e+00	-4.8452905979e-02	9.9882345550e-01	9.9562995381e-01	9.9963075655e-01	
1.551	1.0000000000e+00	9.9763807976e-01	-1.9974390603e-03	0.0000000000e+00	0.0000000000e+00	-1.9974390603e-03	1.0000000000e+00	0.0000000000e+00	0.0000000000e+00	0.0000000000e+00	0.0000000000e+00	9.9882908573e-01	4.8337022329e-02	0.0000000000e+00	0.0000000000e+00	-4.8337022329e-02	9.9882908573e-01	9.9564535849e-01	9.9963080103e-01	
1.5511	1.0000000000e+00	9.9764570495e-01	-1.9898251681e-03	0.0000000000e+00	0.0000000000e+00	-1.9898251681e-03	1.0000000000e+00	0.0000000000e+00	0.0000000000e+00	0.0000000000e+00	0.0000000000e+00	9.9883463932e-01	4.8222441717e-02	0.0000000000e+00	0.0000000000e+00	-4.8222441717e-02	9.9883463932e-01	9.9566056442e-01	9.9963084549e-01	
1.5512	1.0000000000e+00	9.9765323280e-01	-1.9823091307e-03	0.0000000000e+00	0.0000000000e+00	-1.9823091307e-03	1.0000000000e+00	0.0000000000e+00	0.0000000000e+00	0.0000000000e+00	0.0000000000e+00	9.9884011790e-01	4.8109139816e-02	0.0000000000e+00	0.0000000000e+00	-4.8109139816e-02	9.9884011790e-01	9.9567557568e-01	9.9963088991e-01	
1.5513	1.0000000000e+00	9.9766066529e-01	-1.9748889431e-03	0.0000000000e+00	0.0000000000e+00	-1.9748889431e-03	1.0000000000e+00	0.0000000000e+00	0.0000000000e+00	0.0000000000e+00	0.0000000000e+00	9.9884552303e-01	4.7997092915e-02	0.0000000000e+00	0.0000000000e+00	-4.7997092915e-02	9.9884552303e-01	9.9569039627e-01	9.9963093430e-01	
1.5514	1.0000000000e+00	9.9766800436e-01	-1.9675626560e-03	0.0000000000e+00	0.0000000000e+00	-1.9675626560e-03	1.0000000000e+00	0.0000000000e+00	0.0000000000e+00	0.0000000000e+00	0.0000000000e+00	9.9885085628e-01	4.7886277908e-02	0.0000000000e+00	0.0000000000e+00	-4.7886277908e-02	9.9885085628e-01	9.9570503005e-01	9.9963097867e-01	
1.5515	1.0000000000e+00	9.9767525190e-01	-1.9603283729e-03	0.0000000000e+00	0.0000000000e+00	-1.9603283729e-03	1.0000000000e+00	0.0000000000e+00	0.0000000000e+00	0.0000000000e+00	0.0000000000e+00	9.9885611912e-01	4.7776672271e-02	0.0000000000e+00	0.0000000000e+00	-4.7776672271e-02	9.9885611912e-01	9.9571948080e-01	9.9963102300e-01	
1.5516	1.0000000000e+00	9.9768240974e-01	-1.9531842492e-03	0.0000000000e+00	0.0000000000e+00	-1.9531842492e-03	1.0000000000e+00	0.0000000000e+00	0.0000000000e+00	0.0000000000e+00	0.0000000000e+00	9.9886131301e-01	4.7668254044e-02	0.0000000000e+00	0.0000000000e+00	-4.7668254044e-02	9.9886131301e-01	9.9573375217e-01	9.9963106731e-01	
1.5517	1.0000000000e+00	9.9768947966e-01	-1.9461284898e-03	0.0000000000e+00	0.0000000000e+00	-1.9461284898e-03	1.0000000000e+00	0.0000000000e+00	0.0000000000e+00	0.0000000000e+00	0.0000000000e+00	9.9886643937e-01	4.7561001811e-02	0.0000000000e+00	0.0000000000e+00	-4.7561001811e-02	9.9886643937e-01	9.9574784774e-01	9.9963111158e-01	
1.5518	1.0000000000e+00	9.9769646341e-01	-1.9391593481e-03	0.0000000000e+00	0.0000000000e+00	-1.9391593481e-03	1.0000000000e+00	0.0000000000e+00	0.0000000000e+00	0.0000000000e+00	0.0000000000e+00	9.9887149956e-01	4.7454894687e-02	0.0000000000e+00	0.0000000000e+00	-4.7454894687e-02	9.9887149956e-01	9.9576177098e-01	9.9963115583e-01	
1.5519	1.0000000000e+00	9.9770336266e-01	-1.9322751237e-03	0.0000000000e+00	0.0000000000e+00	-1.9322751237e-03	1.0000000000e+00	0.0000000000e+00	0.0000000000e+00	0.0000000000e+00	0.0000000000e+00	9.9887649493e-01	4.7349912300e-02	0.0000000000e+00	0.0000000000e+00	-4.7349912300e-02	9.9887649493e-01	9.9577552527e-01	9.9963120005e-01	
1.552	1.0000000000e+00	9.9771017907e-01	-1.9254741612e-03	0.0000000000e+00	0.0000000000e+00	-1.9254741612e-03	1.0000000000e+00	0.0000000000e+00	0.0000000000e+00	0.0000000000e+00	0.0000000000e+00	9.9888142677e-01	4.7246034772e-02	0.0000000000e+00	0.0000000000e+00	-4.7246034772e-02	9.9888142677e-01	9.9578911390e-01	9.9963124424e-01	
1.5521	1.0000000000e+00	9.9771691423e-01	-1.9187548484e-03	0.0000000000e+00	0.0000000000e+00	-1.9187548484e-03	1.0000000000e+00	0.0000000000e+00	0.0000000000e+00	0.0000000000e+00	0.0000000000e+00	9.9888629636e-01	4.7143242708e-02	0.0000000000e+00	0.0000000000e+00	-4.7143242708e-02	9.9888629636e-01	9.9580254006e-01	9.9963128840e-01	
1.5522	1.0000000000e+00	9.9772356971e-01	-1.9121156161e-03	0.0000000000e+00	0.0000000000e+00	-1.9121156161e-03	1.0000000000e+00	0.0000000000e+00	0.0000000000e+00	0.0000000000e+00	0.0000000000e+00	9.9889110491e-01	4.7041517180e-02	0.0000000000e+00	0.0000000000e+00	-4.7041517180e-02	9.9889110491e-01	9.9581580689e-01	9.9963133253e-01	
1.5523	1.0000000000e+00	9.9773014703e-01	-1.9055549346e-03	0.0000000000e+00	0.0000000000e+00	-1.9055549346e-03	1.0000000000e+00	0.0000000000e+00	0.0000000000e+00	0.0000000000e+00	0.0000000000e+00	9.9889585364e-01	4.6940839713e-02	0.0000000000e+00	0.0000000000e+00	-4.6940839713e-02	9.9889585364e-01	9.9582891742e-01	9.9963137663e-01	
1.5524	1.0000000000e+00	9.9773664766e-01	-1.8990713138e-03	0.0000000000e+00	0.0000000000e+00	-1.8990713138e-03	1.0000000000e+00	0.0000000000e+00	0.0000000000e+00	0.0000000000e+00	0.0000000000e+00	9.9890054372e-01	4.6841192268e-02	0.0000000000e+00	0.0000000000e+00	-4.6841192268e-02	9.9890054372e-01	9.9584187462e-01	9.9963142071e-01	
1.5525	1.0000000000e+00	9.9774307306e-01	-1.8926633030e-03	0.0000000000e+00	0.0000000000e+00	-1.8926633030e-03	1.0000000000e+00	0.0000000000e+00	0.0000000000e+00	0.0000000000e+00	0.0000000000e+00	9.9890517626e-01	4.6742557236e-02	0.0000000000e+00	0.0000000000e+00	-4.6742557236e-02	9.9890517626e-01	9.9585468136e-01	9.9963146476e-01	
1.5526	1.0000000000e+00	9.9774942462e-01	-1.8863294866e-03	0.0000000000e+00	0.0000000000e+00	-1.8863294866e-03	1.0000000000e+00	0.0000000000e+00	0.0000000000e+00	0.0000000000e+00	0.0000000000e+00	9.9890975240e-01	4.6644917417e-02	0.0000000000e+00	0.0000000000e+00	-4.6644917417e-02	9.9890975240e-01	9.9586734046e-01	9.9963150878e-01	
1.5527	1.0000000000e+00	9.9775570372e-01	-1.8800684853e-03	0.0000000000e+00	0.0000000000e+00	-1.8800684853e-03	1.0000000000e+00	0.0000000000e+00	0.0000000000e+00	0.0000000000e+00	0.0000000000e+00	9.9891427320e-01	4.6548256015e-02	0.0000000000e+00	0.0000000000e+00	-4.6548256015e-02	9.9891427320e-01	9.9587985466e-01	9.9963155277e-01	
1.5528	1.0000000000e+00	9.9776191169e-01	-1.8738789551e-03	0.0000000000e+00	0.0000000000e+00	-1.8738789551e-03	1.0000000000e+00	0.0000000000e+00	0.0000000000e+00	0.0000000000e+00	0.0000000000e+00	9.9891873972e-01	4.6452556621e-02	0.0000000000e+00	0.0000000000e+00	-4.6452556621e-02	9.9891873972e-01	9.9589222664e-01	9.9963159674e-01	
1.5529	1.0000000000e+00	9.9776804984e-01	-1.8677595851e-03	0.0000000000e+00	0.0000000000e+00	-1.8677595851e-03	1.0000000000e+00	0.0000000000e+00	0.0000000000e+00	0.0000000000e+00	0.0000000000e+00	9.9892315298e-01	4.6357803204e-02	0.0000000000e+00	0.0000000000e+00	-4.6357803204e-02	9.9892315298e-01	9.9590445900e-01	9.9963164067e-01	
1.553	1.0000000000e+00	9.9777411943e-01	-1.8617090958e-03	0.0000000000e+00	0.0000000000e+00	-1.8617090958e-03	1.0000000000e+00	0.0000000000e+00	0.0000000000e+00	0.0000000000e+00	0.0000000000e+00	9.9892751398e-01	4.6263980101e-02	0.0000000000e+00	0.0000000000e+00	-4.6263980101e-02	9.9892751398e-01	9.9591655428e-01	9.9963168459e-01	
1.5531	1.0000000000e+00	9.9778012172e-01	-1.8557262411e-03	0.0000000000e+00	0.0000000000e+00	-1.8557262411e-03	1.0000000000e+00	0.0000000000e+00	0.0000000000e+00	0.0000000000e+00	0.0000000000e+00	9.9893182369e-01	4.6171072003e-02	0.0000000000e+00	0.0000000000e+00	-4.6171072003e-02	9.9893182369e-01	9.9592851496e-01	9.9963172847e-01	
1.5532	1.0000000000e+00	9.9778605789e-01	-1.8498098037e-03	0.0000000000e+00	0.0000000000e+00	-1.8498098037e-03	1.0000000000e+00	0.0000000000e+00	0.0000000000e+00	0.0000000000e+00	0.0000000000e+00	9.9893608307e-01	4.6079063950e-02	0.0000000000e+00	0.0000000000e+00	-4.6079063950e-02	9.9893608307e-01	9.9594034346e-01	9.9963177233e-01	
1.5533	1.0000000000e+00	9.9779192915e-01	-1.8439585973e-03	0.0000000000e+00	0.0000000000e+00	-1.8439585973e-03	1.0000000000e+00	0.0000000000e+00	0.0000000000e+00	0.0000000000e+00	0.0000000000e+00	9.9894029305e-01	4.5987941315e-02	0.0000000000e+00	0.0000000000e+00	-4.5987941315e-02	9.9894029305e-01	9.9595204215e-01	9.9963181616e-01	
1.5534	1.0000000000e+00	9.9779773664e-01	-1.8381714625e-03	0.0000000000e+00	0.0000000000e+00	-1.8381714625e-03	1.0000000000e+00	0.0000000000e+00	0.0000000000e+00	0.0000000000e+00	0.0000000000e+00	9.9894445451e-01	4.5897689799e-02	0.0000000000e+00	0.0000000000e+00	-4.5897689799e-02	9.9894445451e-01	9.9596361331e-01	9.9963185996e-01	
1.5535	1.0000000000e+00	9.9780348147e-01	-1.8324472695e-03	0.0000000000e+00	0.0000000000e+00	-1.8324472695e-03	1.0000000000e+00	0.0000000000e+00	0.0000000000e+00	0.0000000000e+00	0.0000000000e+00	9.9894856835e-01	4.5808295421e-02	0.0000000000e+00	0.0000000000e+00	-4.5808295421e-02	9.9894856835e-01	9.9597505921e-01	9.9963190374e-01	
1.5536	1.0000000000e+00	9.9780916476e-01	-1.8267849143e-03	0.0000000000e+00	0.0000000000e+00	-1.8267849143e-03	1.0000000000e+00	0.0000000000e+00	0.0000000000e+00	0.0000000000e+00	0.0000000000e+00	9.9895263542e-01	4.5719744506e-02	0.0000000000e+00	0.0000000000e+00	-4.5719744506e-02	9.9895263542e-01	9.9598638203e-01	9.9963194749e-01	
1.5537	1.0000000000e+00	9.9781478757e-01	-1.8211833195e-03	0.0000000000e+00	0.0000000000e+00	-1.8211833195e-03	1.0000000000e+00	0.0000000000e+00	0.0000000000e+00	0.0000000000e+00	0.0000000000e+00	9.9895665657e-01	4.5632023681e-02	0.0000000000e+00	0.0000000000e+00	-4.5632023681e-02	9.9895665657e-01	9.9599758392e-01	9.9963199122e-01	
1.5538	1.0000000000e+00	9.9782035094e-01	-1.8156414327e-03	0.0000000000e+00	0.0000000000e+00	-1.8156414327e-03	1.0000000000e+00	0.0000000000e+00	0.0000000000e+00	0.0000000000e+00	0.0000000000e+00	9.9896063261e-01	4.5545119864e-02	0.0000000000e+00	0.0000000000e+00	-4.5545119864e-02	9.9896063261e-01	9.9600866697e-01	9.9963203492e-01	
1.5539	1.0000000000e+00	9.9782585591e-01	-1.8101582271e-03	0.0000000000e+00	0.0000000000e+00	-1.8101582271e-03	1.0000000000e+00	0.0000000000e+00	0.0000000000e+00	0.0000000000e+00	0.0000000000e+00	9.9896456434e-01	4.5459020257e-02	0.0000000000e+00	0.0000000000e+00	-4.5459020257e-02	9.9896456434e-01	9.9601963323e-01	9.9963207859e-01	
1.554	1.0000000000e+00	9.9783130346e-01	-1.8047326987e-03	0.0000000000e+00	0.0000000000e+00	-1.8047326987e-03	1.0000000000e+00	0.0000000000e+00	0.0000000000e+00	0.0000000000e+00	0.0000000000e+00	9.9896845254e-01	4.5373712336e-02	0.0000000000e+00	0.0000000000e+00	-4.5373712336e-02	9.9896845254e-01	9.9603048468e-01	9.9963212224e-01	
1.5541	1.0000000000e+00	9.9783669457e-01	-1.7993638672e-03	0.0000000000e+00	0.0000000000e+00	-1.7993638672e-03	1.0000000000e+00	0.0000000000e+00	0.0000000000e+00	0.0000000000e+00	0.0000000000e+00	9.9897229797e-01	4.5289183847e-02	0.0000000000e+00	0.0000000000e+00	-4.5289183847e-02	9.9897229797e-01	9.9604122327e-01	9.9963216586e-01	
1.5542	1.0000000000e+00	9.9784203019e-01	-1.7940507748e-03	0.0000000000e+00	0.0000000000e+00	-1.7940507748e-03	1.0000000000e+00	0.0000000000e+00	0.0000000000e+00	0.0000000000e+00	0.0000000000e+00	9.9897610138e-01	4.5205422796e-02	0.0000000000e+00	0.0000000000e+00	-4.5205422796e-02	9.9897610138e-01	9.9605185092e-01	9.9963220946e-01	
1.5543	1.0000000000e+00	9.9784731126e-01	-1.7887924858e-03	0.0000000000e+00	0.0000000000e+00	-1.7887924858e-03	1.0000000000e+00	0.0000000000e+00	0.0000000000e+00	0.0000000000e+00	0.0000000000e+00	9.9897986349e-01	4.5122417444e-02	0.0000000000e+00	0.0000000000e+00	-4.5122417444e-02	9.9897986349e-01	9.9606236949e-01	9.9963225303e-01	
1.5544	1.0000000000e+00	9.9785253868e-01	-1.7835880853e-03	0.0000000000e+00	0.0000000000e+00	-1.7835880853e-03	1.0000000000e+00	0.0000000000e+00	0.0000000000e+00	0.0000000000e+00	0.0000000000e+00	9.9898358502e-01	4.5040156299e-02	0.0000000000e+00	0.0000000000e+00	-4.5040156299e-02	9.9898358502e-01	9.9607278078e-01	9.9963229658e-01	
1.5545	1.0000000000e+00	9.9785771334e-01	-1.7784366799e-03	0.0000000000e+00	0.0000000000e+00	-1.7784366799e-03	1.0000000000e+00	0.0000000000e+00	0.0000000000e+00	0.0000000000e+00	0.0000000000e+00	9.9898726665e-01	4.4958628108e-02	0.0000000000e+00	0.0000000000e+00	-4.4958628108e-02	9.9898726665e-01	9.9608308658e-01	9.9963234010e-01	
1.5546	1.0000000000e+00	9.9786283611e-01	-1.7733373949e-03	0.0000000000e+00	0.0000000000e+00	-1.7733373949e-03	1.0000000000e+00	0.0000000000e+00	0.0000000000e+00	0.0000000000e+00	0.0000000000e+00	9.9899090906e-01	4.4877821854e-02	0.0000000000e+00	0.0000000000e+00	-4.4877821854e-02	9.9899090906e-01	9.9609328863e-01	9.9963238360e-01	
1.5547	1.0000000000e+00	9.9786790785e-01	-1.7682893766e-03	0.0000000000e+00	0.0000000000e+00	-1.7682893766e-03	1.0000000000e+00	0.0000000000e+00	0.0000000000e+00	0.0000000000e+00	0.0000000000e+00	9.9899451291e-01	4.4797726747e-02	0.0000000000e+00	0.0000000000e+00	-4.4797726747e-02	9.9899451291e-01	9.9610338863e-01	9.9963242707e-01	
1.5548	1.0000000000e+00	9.9787292937e-01	-1.7632917894e-03	0.0000000000e+00	0.0000000000e+00	-1.7632917894e-03	1.0000000000e+00	0.0000000000e+00	0.0000000000e+00	0.0000000000e+00	0.0000000000e+00	9.9899807886e-01	4.4718332219e-02	0.0000000000e+00	0.0000000000e+00	-4.4718332219e-02	9.9899807886e-01	9.9611338823e-01	9.9963247052e-01	
1.5549	1.0000000000e+00	9.9787790150e-01	-1.7583438163e-03	0.0000000000e+00	0.0000000000e+00	-1.7583438163e-03	1.0000000000e+00	0.0000000000e+00	0.0000000000e+00	0.0000000000e+00	0.0000000000e+00	9.9900160753e-01	4.4639627921e-02	0.0000000000e+00	0.0000000000e+00	-4.4639627921e-02	9.9900160753e-01	9.9612328906e-01	9.9963251394e-01	
1.555	1.0000000000e+00	9.9788282503e-01	-1.7534446585e-03	0.0000000000e+00	0.0000000000e+00	-1.7534446585e-03	1.0000000000e+00	0.0000000000e+00	0.0000000000e+00	0.0000000000e+00	0.0000000000e+00	9.9900509954e-01	4.4561603711e-02	0.0000000000e+00	0.0000000000e+00	-4.4561603711e-02	9.9900509954e-01	9.9613309272e-01	9.9963255734e-01	
1.5551	1.0000000000e+00	9.9788770073e-01	-1.7485935345e-03	0.0000000000e+00	0.0000000000e+00	-1.7485935345e-03	1.0000000000e+00	0.0000000000e+00	0.0000000000e+00	0.0000000000e+00	0.0000000000e+00	9.9900855550e-01	4.4484249653e-02	0.0000000000e+00	0.0000000000e+00	-4.4484249653e-02	9.9900855550e-01	9.9614280075e-01	9.9963260071e-01	
1.5552	1.0000000000e+00	9.9789252937e-01	-1.7437896791e-03	0.0000000000e+00	0.0000000000e+00	-1.7437896791e-03	1.0000000000e+00	0.0000000000e+00	0.0000000000e+00	0.0000000000e+00	0.0000000000e+00	9.9901197599e-01	4.4407556014e-02	0.0000000000e+00	0.0000000000e+00	-4.4407556014e-02	9.9901197599e-01	9.9615241468e-01	9.9963264406e-01	
1.5553	1.0000000000e+00	9.9789731169e-01	-1.7390323452e-03	0.0000000000e+00	0.0000000000e+00	-1.7390323452e-03	1.0000000000e+00	0.0000000000e+00	0.0000000000e+00	0.0000000000e+00	0.0000000000e+00	9.9901536159e-01	4.4331513253e-02	0.0000000000e+00	0.0000000000e+00	-4.4331513253e-02	9.9901536159e-01	9.9616193599e-01	9.9963268739e-01	
1.5554	1.0000000000e+00	9.9790204842e-01	-1.7343207998e-03	0.0000000000e+00	0.0000000000e+00	-1.7343207998e-03	1.0000000000e+00	0.0000000000e+00	0.0000000000e+00	0.0000000000e+00	0.0000000000e+00	9.9901871288e-01	4.4256112019e-02	0.0000000000e+00	0.0000000000e+00	-4.4256112019e-02	9.9901871288e-01	9.9617136614e-01	9.9963273069e-01	
1.5555	1.0000000000e+00	9.9790674026e-01	-1.7296543272e-03	0.0000000000e+00	0.0000000000e+00	-1.7296543272e-03	1.0000000000e+00	0.0000000000e+00	0.0000000000e+00	0.0000000000e+00	0.0000000000e+00	9.9902203039e-01	4.4181343148e-02	0.0000000000e+00	0.0000000000e+00	-4.4181343148e-02	9.9902203039e-01	9.9618070655e-01	9.9963277397e-01	
1.5556	1.0000000000e+00	9.9791138793e-01	-1.7250322256e-03	0.0000000000e+00	0.0000000000e+00	-1.7250322256e-03	1.0000000000e+00	0.0000000000e+00	0.0000000000e+00	0.0000000000e+00	0.0000000000e+00	9.9902531468e-01	4.4107197656e-02	0.0000000000e+00	0.0000000000e+00	-4.4107197656e-02	9.9902531468e-01	9.9618995862e-01	9.9963281723e-01	
1.5557	1.0000000000e+00	9.9791599209e-01	-1.7204538091e-03	0.0000000000e+00	0.0000000000e+00	-1.7204538091e-03	1.0000000000e+00	0.0000000000e+00	0.0000000000e+00	0.0000000000e+00	0.0000000000e+00	9.9902856627e-01	4.4033666734e-02	0.0000000000e+00	0.0000000000e+00	-4.4033666734e-02	9.9902856627e-01	9.9619912372e-01	9.9963286046e-01	
1.5558	1.0000000000e+00	9.9792055342e-01	-1.7159184056e-03	0.0000000000e+00	0.0000000000e+00	-1.7159184056e-03	1.0000000000e+00	0.0000000000e+00	0.0000000000e+00	0.0000000000e+00	0.0000000000e+00	9.9903178569e-01	4.3960741745e-02	0.0000000000e+00	0.0000000000e+00	-4.3960741745e-02	9.9903178569e-01	9.9620820318e-01	9.9963290367e-01	
1.5559	1.0000000000e+00	9.9792507258e-01	-1.7114253569e-03	0.0000000000e+00	0.0000000000e+00	-1.7114253569e-03	1.0000000000e+00	0.0000000000e+00	0.0000000000e+00	0.0000000000e+00	0.0000000000e+00	9.9903497342e-01	4.3888414222e-02	0.0000000000e+00	0.0000000000e+00	-4.3888414222e-02	9.9903497342e-01	9.9621719831e-01	9.9963294685e-01	
1.556	1.0000000000e+00	9.9792955020e-01	-1.7069740191e-03	0.0000000000e+00	0.0000000000e+00	-1.7069740191e-03	1.0000000000e+00	0.0000000000e+00	0.0000000000e+00	0.0000000000e+00	0.0000000000e+00	9.9903812998e-01	4.3816675857e-02	0.0000000000e+00	0.0000000000e+00	-4.3816675857e-02	9.9903812998e-01	9.9622611039e-01	9.9963299002e-01	
1.5561	1.0000000000e+00	9.9793398691e-01	-1.7025637610e-03	0.0000000000e+00	0.0000000000e+00	-1.7025637610e-03	1.0000000000e+00	0.0000000000e+00	0.0000000000e+00	0.0000000000e+00	0.0000000000e+00	9.9904125585e-01	4.3745518504e-02	0.0000000000e+00	0.0000000000e+00	-4.3745518504e-02	9.9904125585e-01	9.9623494067e-01	9.9963303316e-01	
1.5562	1.0000000000e+00	9.9793838333e-01	-1.6981939641e-03	0.0000000000e+00	0.0000000000e+00	-1.6981939641e-03	1.0000000000e+00	0.0000000000e+00	0.0000000000e+00	0.0000000000e+00	0.0000000000e+00	9.9904435150e-01	4.3674934174e-02	0.0000000000e+00	0.0000000000e+00	-4.3674934174e-02	9.9904435150e-01	9.9624369039e-01	9.9963307627e-01	
1.5563	1.0000000000e+00	9.9794274006e-01	-1.6938640240e-03	0.0000000000e+00	0.0000000000e+00	-1.6938640240e-03	1.0000000000e+00	0.0000000000e+00	0.0000000000e+00	0.0000000000e+00	0.0000000000e+00	9.9904741740e-01	4.3604915026e-02	0.0000000000e+00	0.0000000000e+00	-4.3604915026e-02	9.9904741740e-01	9.9625236075e-01	9.9963311936e-01	
1.5564	1.0000000000e+00	9.9794705768e-01	-1.6895733468e-03	0.0000000000e+00	0.0000000000e+00	-1.6895733468e-03	1.0000000000e+00	0.0000000000e+00	0.0000000000e+00	0.0000000000e+00	0.0000000000e+00	9.9905045400e-01	4.3535453370e-02	0.0000000000e+00	0.0000000000e+00	-4.3535453370e-02	9.9905045400e-01	9.9626095293e-01	9.9963316243e-01	
1.5565	1.0000000000e+00	9.9795133679e-01	-1.6853213521e-03	0.0000000000e+00	0.0000000000e+00	-1.6853213521e-03	1.0000000000e+00	0.0000000000e+00	0.0000000000e+00	0.0000000000e+00	0.0000000000e+00	9.9905346176e-01	4.3466541660e-02	0.0000000000e+00	0.0000000000e+00	-4.3466541660e-02	9.9905346176e-01	9.9626946809e-01	9.9963320548e-01	
1.5566	1.0000000000e+00	9.9795557793e-01	-1.6811074697e-03	0.0000000000e+00	0.0000000000e+00	-1.6811074697e-03	1.0000000000e+00	0.0000000000e+00	0.0000000000e+00	0.0000000000e+00	0.0000000000e+00	9.9905644110e-01	4.3398172489e-02	0.0000000000e+00	0.0000000000e+00	-4.3398172489e-02	9.9905644110e-01	9.9627790735e-01	9.9963324851e-01	
1.5567	1.0000000000e+00	9.9795978167e-01	-1.6769311425e-03	0.0000000000e+00	0.0000000000e+00	-1.6769311425e-03	1.0000000000e+00	0.0000000000e+00	0.0000000000e+00	0.0000000000e+00	0.0000000000e+00	9.9905939246e-01	4.3330338591e-02	0.0000000000e+00	0.0000000000e+00	-4.3330338591e-02	9.9905939246e-01	9.9628627184e-01	9.9963329151e-01	
1.5568	1.0000000000e+00	9.9796394856e-01	-1.6727918227e-03	0.0000000000e+00	0.0000000000e+00	-1.6727918227e-03	1.0000000000e+00	0.0000000000e+00	0.0000000000e+00	0.0000000000e+00	0.0000000000e+00	9.9906231625e-01	4.3263032833e-02	0.0000000000e+00	0.0000000000e+00	-4.3263032833e-02	9.9906231625e-01	9.9629456263e-01	9.9963333449e-01	
1.5569	1.0000000000e+00	9.9796807912e-01	-1.6686889749e-03	0.0000000000e+00	0.0000000000e+00	-1.6686889749e-03	1.0000000000e+00	0.0000000000e+00	0.0000000000e+00	0.0000000000e+00	0.0000000000e+00	9.9906521290e-01	4.3196248212e-02	0.0000000000e+00	0.0000000000e+00	-4.3196248212e-02	9.9906521290e-01	9.9630278079e-01	9.9963337745e-01	
1.557	1.0000000000e+00	9.9797217388e-01	-1.6646220735e-03	0.0000000000e+00	0.0000000000e+00	-1.6646220735e-03	1.0000000000e+00	0.0000000000e+00	0.0000000000e+00	0.0000000000e+00	0.0000000000e+00	9.9906808279e-01	4.3129977856e-02	0.0000000000e+00	0.0000000000e+00	-4.3129977856e-02	9.9906808279e-01	9.9631092737e-01	9.9963342038e-01	
1.5571	1.0000000000e+00	9.9797623334e-01	-1.6605906029e-03	0.0000000000e+00	0.0000000000e+00	-1.6605906029e-03	1.0000000000e+00	0.0000000000e+00	0.0000000000e+00	0.0000000000e+00	0.0000000000e+00	9.9907092632e-01	4.3064215017e-02	0.0000000000e+00	0.0000000000e+00	-4.3064215017e-02	9.9907092632e-01	9.9631900339e-01	9.9963346330e-01	
1.5572	1.0000000000e+00	9.9798025803e-01	-1.6565940584e-03	0.0000000000e+00	0.0000000000e+00	-1.6565940584e-03	1.0000000000e+00	0.0000000000e+00	0.0000000000e+00	0.0000000000e+00	0.0000000000e+00	9.9907374389e-01	4.2998953069e-02	0.0000000000e+00	0.0000000000e+00	-4.2998953069e-02	9.9907374389e-01	9.9632700986e-01	9.9963350619e-01	
1.5573	1.0000000000e+00	9.9798424841e-01	-1.6526319443e-03	0.0000000000e+00	0.0000000000e+00	-1.6526319443e-03	1.0000000000e+00	0.0000000000e+00	0.0000000000e+00	0.0000000000e+00	0.0000000000e+00	9.9907653587e-01	4.2934185507e-02	0.0000000000e+00	0.0000000000e+00	-4.2934185507e-02	9.9907653587e-01	9.9633494776e-01	9.9963354906e-01	
1.5574	1.0000000000e+00	9.9798820499e-01	-1.6487037749e-03	0.0000000000e+00	0.0000000000e+00	-1.6487037749e-03	1.0000000000e+00	0.0000000000e+00	0.0000000000e+00	0.0000000000e+00	0.0000000000e+00	9.9907930263e-01	4.2869905940e-02	0.0000000000e+00	0.0000000000e+00	-4.2869905940e-02	9.9907930263e-01	9.9634281807e-01	9.9963359191e-01	
1.5575	1.0000000000e+00	9.9799212823e-01	-1.6448090740e-03	0.0000000000e+00	0.0000000000e+00	-1.6448090740e-03	1.0000000000e+00	0.0000000000e+00	0.0000000000e+00	0.0000000000e+00	0.0000000000e+00	9.9908204454e-01	4.2806108095e-02	0.0000000000e+00	0.0000000000e+00	-4.2806108095e-02	9.9908204454e-01	9.9635062172e-01	9.9963363474e-01	
1.5576	1.0000000000e+00	9.9799601860e-01	-1.6409473739e-03	0.0000000000e+00	0.0000000000e+00	-1.6409473739e-03	1.0000000000e+00	0.0000000000e+00	0.0000000000e+00	0.0000000000e+00	0.0000000000e+00	9.9908476195e-01	4.2742785808e-02	0.0000000000e+00	0.0000000000e+00	-4.2742785808e-02	9.9908476195e-01	9.9635835965e-01	9.9963367754e-01	
1.5577	1.0000000000e+00	9.9799987655e-01	-1.6371182162e-03	0.0000000000e+00	0.0000000000e+00	-1.6371182162e-03	1.0000000000e+00	0.0000000000e+00	0.0000000000e+00	0.0000000000e+00	0.0000000000e+00	9.9908745521e-01	4.2679933025e-02	0.0000000000e+00	0.0000000000e+00	-4.2679933025e-02	9.9908745521e-01	9.9636603277e-01	9.9963372033e-01	
1.5578	1.0000000000e+00	9.9800370253e-01	-1.6333211512e-03	0.0000000000e+00	0.0000000000e+00	-1.6333211512e-03	1.0000000000e+00	0.0000000000e+00	0.0000000000e+00	0.0000000000e+00	0.0000000000e+00	9.9909012467e-01	4.2617543799e-02	0.0000000000e+00	0.0000000000e+00	-4.2617543799e-02	9.9909012467e-01	9.9637364198e-01	9.9963376309e-01	
1.5579	1.0000000000e+00	9.9800749699e-01	-1.6295557372e-03	0.0000000000e+00	0.0000000000e+00	-1.6295557372e-03	1.0000000000e+00	0.0000000000e+00	0.0000000000e+00	0.0000000000e+00	0.0000000000e+00	9.9909277067e-01	4.2555612287e-02	0.0000000000e+00	0.0000000000e+00	-4.2555612287e-02	9.9909277067e-01	9.9638118814e-01	9.9963380583e-01	
1.558	1.0000000000e+00	9.9801126034e-01	-1.6258215419e-03	0.0000000000e+00	0.0000000000e+00	-1.6258215419e-03	1.0000000000e+00	0.0000000000e+00	0.0000000000e+00	0.0000000000e+00	0.0000000000e+00	9.9909539354e-01	4.2494132747e-02	0.0000000000e+00	0.0000000000e+00	-4.2494132747e-02	9.9909539354e-01	9.9638867214e-01	9.9963384855e-01	
1.5581	1.0000000000e+00	9.9801499302e-01	-1.6221181397e-03	0.0000000000e+00	0.0000000000e+00	-1.6221181397e-03	1.0000000000e+00	0.0000000000e+00	0.0000000000e+00	0.0000000000e+00	0.0000000000e+00	9.9909799359e-01	4.2433099538e-02	0.0000000000e+00	0.0000000000e+00	-4.2433099538e-02	9.9909799359e-01	9.9639609480e-01	9.9963389125e-01	
1.5582	1.0000000000e+00	9.9801869544e-01	-1.6184451137e-03	0.0000000000e+00	0.0000000000e+00	-1.6184451137e-03	1.0000000000e+00	0.0000000000e+00	0.0000000000e+00	0.0000000000e+00	0.0000000000e+00	9.9910057115e-01	4.2372507117e-02	0.0000000000e+00	0.0000000000e+00	-4.2372507117e-02	9.9910057115e-01	9.9640345696e-01	9.9963393393e-01	
1.5583	1.0000000000e+00	9.9802236801e-01	-1.6148020546e-03	0.0000000000e+00	0.0000000000e+00	-1.6148020546e-03	1.0000000000e+00	0.0000000000e+00	0.0000000000e+00	0.0000000000e+00	0.0000000000e+00	9.9910312653e-01	4.2312350034e-02	0.0000000000e+00	0.0000000000e+00	-4.2312350034e-02	9.9910312653e-01	9.9641075944e-01	9.9963397658e-01	
1.5584	1.0000000000e+00	9.9802601113e-01	-1.6111885599e-03	0.0000000000e+00	0.0000000000e+00	-1.6111885599e-03	1.0000000000e+00	0.0000000000e+00	0.0000000000e+00	0.0000000000e+00	0.0000000000e+00	9.9910566004e-01	4.2252622934e-02	0.0000000000e+00	0.0000000000e+00	-4.2252622934e-02	9.9910566004e-01	9.9641800304e-01	9.9963401922e-01	
1.5585	1.0000000000e+00	9.9802962518e-01	-1.6076042360e-03	0.0000000000e+00	0.0000000000e+00	-1.6076042360e-03	1.0000000000e+00	0.0000000000e+00	0.0000000000e+00	0.0000000000e+00	0.0000000000e+00	9.9910817198e-01	4.2193320555e-02	0.0000000000e+00	0.0000000000e+00	-4.2193320555e-02	9.9910817198e-01	9.9642518853e-01	9.9963406183e-01	
1.5586	1.0000000000e+00	9.9803321056e-01	-1.6040486948e-03	0.0000000000e+00	0.0000000000e+00	-1.6040486948e-03	1.0000000000e+00	0.0000000000e+00	0.0000000000e+00	0.0000000000e+00	0.0000000000e+00	9.9911066263e-01	4.2134437719e-02	0.0000000000e+00	0.0000000000e+00	-4.2134437719e-02	9.9911066263e-01	9.9643231669e-01	9.9963410443e-01	
1.5587	1.0000000000e+00	9.9803676764e-01	-1.6005215563e-03	0.0000000000e+00	0.0000000000e+00	-1.6005215563e-03	1.0000000000e+00	0.0000000000e+00	0.0000000000e+00	0.0000000000e+00	0.0000000000e+00	9.9911313230e-01	4.2075969342e-02	0.0000000000e+00	0.0000000000e+00	-4.2075969342e-02	9.9911313230e-01	9.9643938828e-01	9.9963414700e-01	
1.5588	1.0000000000e+00	9.9804029680e-01	-1.5970224470e-03	0.0000000000e+00	0.0000000000e+00	-1.5970224470e-03	1.0000000000e+00	0.0000000000e+00	0.0000000000e+00	0.0000000000e+00	0.0000000000e+00	9.9911558126e-01	4.2017910420e-02	0.0000000000e+00	0.0000000000e+00	-4.2017910420e-02	9.9911558126e-01	9.9644640404e-01	9.9963418956e-01	
1.5589	1.0000000000e+00	9.9804379840e-01	-1.5935509999e-03	0.0000000000e+00	0.0000000000e+00	-1.5935509999e-03	1.0000000000e+00	0.0000000000e+00	0.0000000000e+00	0.0000000000e+00	0.0000000000e+00	9.9911800980e-01	4.1960256035e-02	0.0000000000e+00	0.0000000000e+00	-4.1960256035e-02	9.9911800980e-01	9.9645336470e-01	9.9963423209e-01	
1.559	1.0000000000e+00	9.9804727279e-01	-1.5901068551e-03	0.0000000000e+00	0.0000000000e+00	-1.5901068551e-03	1.0000000000e+00	0.0000000000e+00	0.0000000000e+00	0.0000000000e+00	0.0000000000e+00	9.9912041819e-01	4.1903001352e-02	0.0000000000e+00	0.0000000000e+00	-4.1903001352e-02	9.9912041819e-01	9.9646027098e-01	9.9963427460e-01	
1.5591	1.0000000000e+00	9.9805072034e-01	-1.5866896588e-03	0.0000000000e+00	0.0000000000e+00	-1.5866896588e-03	1.0000000000e+00	0.0000000000e+00	0.0000000000e+00	0.0000000000e+00	0.0000000000e+00	9.9912280669e-01	4.1846141615e-02	0.0000000000e+00	0.0000000000e+00	-4.1846141615e-02	9.9912280669e-01	9.9646712358e-01	9.9963431710e-01	
1.5592	1.0000000000e+00	9.9805414138e-01	-1.5832990629e-03	0.0000000000e+00	0.0000000000e+00	-1.5832990629e-03	1.0000000000e+00	0.0000000000e+00	0.0000000000e+00	0.0000000000e+00	0.0000000000e+00	9.9912517557e-01	4.1789672145e-02	0.0000000000e+00	0.0000000000e+00	-4.1789672145e-02	9.9912517557e-01	9.9647392319e-01	9.9963435957e-01	
1.5593	1.0000000000e+00	9.9805753626e-01	-1.5799347265e-03	0.0000000000e+00	0.0000000000e+00	-1.5799347265e-03	1.0000000000e+00	0.0000000000e+00	0.0000000000e+00	0.0000000000e+00	0.0000000000e+00	9.9912752510e-01	4.1733588342e-02	0.0000000000e+00	0.0000000000e+00	-4.1733588342e-02	9.9912752510e-01	9.9648067050e-01	9.9963440202e-01	
1.5594	1.0000000000e+00	9.9806090531e-01	-1.5765963136e-03	0.0000000000e+00	0.0000000000e+00	-1.5765963136e-03	1.0000000000e+00	0.0000000000e+00	0.0000000000e+00	0.0000000000e+00	0.0000000000e+00	9.9912985552e-01	4.1677885681e-02	0.0000000000e+00	0.0000000000e+00	-4.1677885681e-02	9.9912985552e-01	9.9648736616e-01	9.9963444445e-01	
1.5595	1.0000000000e+00	9.9806424886e-01	-1.5732834954e-03	0.0000000000e+00	0.0000000000e+00	-1.5732834954e-03	1.0000000000e+00	0.0000000000e+00	0.0000000000e+00	0.0000000000e+00	0.0000000000e+00	9.9913216708e-01	4.1622559710e-02	0.0000000000e+00	0.0000000000e+00	-4.1622559710e-02	9.9913216708e-01	9.9649401085e-01	9.9963448687e-01	
1.5596	1.0000000000e+00	9.9806756722e-01	-1.5699959470e-03	0.0000000000e+00	0.0000000000e+00	-1.5699959470e-03	1.0000000000e+00	0.0000000000e+00	0.0000000000e+00	0.0000000000e+00	0.0000000000e+00	9.9913446004e-01	4.1567606048e-02	0.0000000000e+00	0.0000000000e+00	-4.1567606048e-02	9.9913446004e-01	9.9650060519e-01	9.9963452926e-01	
1.5597	1.0000000000e+00	9.9807086073e-01	-1.5667333508e-03	0.0000000000e+00	0.0000000000e+00	-1.5667333508e-03	1.0000000000e+00	0.0000000000e+00	0.0000000000e+00	0.0000000000e+00	0.0000000000e+00	9.9913673463e-01	4.1513020388e-02	0.0000000000e+00	0.0000000000e+00	-4.1513020388e-02	9.9913673463e-01	9.9650714982e-01	9.9963457163e-01	
1.5598	1.0000000000e+00	9.9807412968e-01	-1.5634953937e-03	0.0000000000e+00	0.0000000000e+00	-1.5634953937e-03	1.0000000000e+00	0.0000000000e+00	0.0000000000e+00	0.0000000000e+00	0.0000000000e+00	9.9913899109e-01	4.1458798490e-02	0.0000000000e+00	0.0000000000e+00	-4.1458798490e-02	9.9913899109e-01	9.9651364537e-01	9.9963461398e-01	
1.5599	1.0000000000e+00	9.9807737439e-01	-1.5602817686e-03	0.0000000000e+00	0.0000000000e+00	-1.5602817686e-03	1.0000000000e+00	0.0000000000e+00	0.0000000000e+00	0.0000000000e+00	0.0000000000e+00	9.9914122965e-01	4.1404936181e-02	0.0000000000e+00	0.0000000000e+00	-4.1404936181e-02	9.9914122965e-01	9.9652009246e-01	9.9963465632e-01	
1.56	1.0000000000e+00	9.9808059515e-01	-1.5570921727e-03	0.0000000000e+00	0.0000000000e+00	-1.5570921727e-03	1.0000000000e+00	0.0000000000e+00	0.0000000000e+00	0.0000000000e+00	0.0000000000e+00	9.9914345054e-01	4.1351429355e-02	0.0000000000e+00	0.0000000000e+00	-4.1351429355e-02	9.9914345054e-01	9.9652649167e-01	9.9963469863e-01	
